2000 4 1000 1
106561 4
25539 4
154924 4
181364 4
105218 4
124421 4
212952 4
100330 4
146318 4
103118 4
5806 4
31343 4
3235 4
722 4
202962 4
150811 4
34269 4
103371 4
79306 4
21640 4
204857 4
185374 4
78834 4
122452 4
197509 4
27149 4
60455 4
17544 4
63172 4
181346 4
153347 4
132900 4
76880 4
140257 4
142845 4
45031 4
2731 4
84884 4
70120 4
128498 4
196530 4
206052 4
49734 4
46823 4
203415 4
191883 4
207388 4
173874 4
66158 4
136926 4
125773 4
164795 4
69554 4
27330 4
100488 4
77888 4
131972 4
119246 4
112247 4
65861 4
200530 4
5038 4
9555 4
126330 4
42082 4
41139 4
6558 4
56092 4
84489 4
213188 4
41294 4
47482 4
158043 4
97024 4
88889 4
184216 4
24205 4
160050 4
125456 4
25076 4
205252 4
84577 4
134965 4
50637 4
99987 4
102631 4
67719 4
22904 4
125000 4
66069 4
23702 4
137104 4
36496 4
150981 4
61568 4
93405 4
197106 4
73887 4
52606 4
173088 4
157580 4
158645 4
146811 4
53972 4
184399 4
118948 4
168176 4
161761 4
20135 4
27434 4
9261 4
119127 4
12898 4
196381 4
38759 4
186494 4
203104 4
92437 4
189975 4
18670 4
65750 4
59248 4
192471 4
1786 4
168728 4
197861 4
93949 4
136334 4
190558 4
56747 4
172436 4
209372 4
89423 4
209767 4
7676 4
126207 4
70670 4
180340 4
28669 4
21046 4
54947 4
149712 4
102687 4
68281 4
25269 4
199720 4
5615 4
43366 4
53001 4
55303 4
116031 4
75287 4
181257 4
17393 4
147419 4
139277 4
205914 4
55160 4
130503 4
162686 4
117186 4
188006 4
21612 4
199091 4
137084 4
69070 4
57600 4
176872 4
153233 4
103810 4
108824 4
164900 4
47425 4
213552 4
153472 4
69650 4
3754 4
124407 4
175425 4
167221 4
95841 4
106722 4
102174 4
208470 4
176863 4
46446 4
52554 4
172597 4
15250 4
90651 4
152842 4
71703 4
50218 4
177777 4
134190 4
8577 4
203853 4
77229 4
179267 4
84053 4
211920 4
23874 4
95691 4
126737 4
115580 4
52450 4
23847 4
87652 4
20148 4
184726 4
204875 4
201743 4
16860 4
158692 4
150973 4
75861 4
68465 4
78166 4
37976 4
76541 4
123177 4
143625 4
169475 4
81444 4
14440 4
2347 4
96372 4
80205 4
99641 4
14742 4
146885 4
162351 4
175546 4
18137 4
86666 4
171257 4
23354 4
11304 4
27323 4
168058 4
122863 4
106556 4
21165 4
49875 4
45125 4
164158 4
65824 4
164836 4
135278 4
70547 4
86733 4
155165 4
212879 4
127056 4
35150 4
25107 4
147592 4
74766 4
101041 4
19522 4
92097 4
13908 4
133257 4
125045 4
177177 4
190557 4
28510 4
154643 4
48114 4
10463 4
71456 4
16421 4
206325 4
197883 4
193925 4
188460 4
143468 4
45699 4
210832 4
24139 4
97107 4
104102 4
40384 4
68095 4
108019 4
116236 4
133950 4
60294 4
47194 4
211180 4
58664 4
142781 4
41928 4
38105 4
75515 4
134874 4
121380 4
109524 4
80745 4
41155 4
66478 4
113985 4
15611 4
15951 4
157014 4
119115 4
150601 4
50188 4
101544 4
26224 4
186009 4
178311 4
55629 4
153888 4
23185 4
123868 4
104192 4
108900 4
101534 4
3492 4
140042 4
129023 4
105506 4
200387 4
93227 4
140205 4
1390 4
9119 4
106424 4
144322 4
28092 4
199581 4
124844 4
38675 4
74725 4
39263 4
196836 4
103095 4
3848 4
66836 4
38761 4
157005 4
100340 4
161874 4
122822 4
54456 4
174067 4
160964 4
142955 4
32955 4
195364 4
153554 4
74904 4
141433 4
181650 4
191041 4
116699 4
94525 4
191315 4
126527 4
56313 4
100467 4
76107 4
115083 4
109641 4
56033 4
149725 4
63786 4
81901 4
161578 4
64397 4
138894 4
133858 4
130854 4
64138 4
162816 4
89952 4
170861 4
163677 4
95019 4
209305 4
65196 4
170247 4
105898 4
150620 4
29870 4
179003 4
8118 4
167118 4
189025 4
127627 4
62825 4
155686 4
67279 4
124316 4
58581 4
111206 4
193576 4
129712 4
83926 4
91451 4
123696 4
87790 4
1007 4
119063 4
197721 4
181597 4
1198 4
36183 4
137876 4
51770 4
119334 4
97294 4
114567 4
192446 4
193287 4
84334 4
147705 4
34448 4
194140 4
28618 4
155264 4
210081 4
72910 4
139522 4
106491 4
54207 4
43007 4
191936 4
104872 4
137065 4
211517 4
204101 4
170546 4
89289 4
112699 4
87579 4
21395 4
152959 4
172591 4
192782 4
169482 4
162516 4
152671 4
183982 4
66884 4
45321 4
138204 4
142021 4
127710 4
121542 4
108153 4
200279 4
179222 4
142628 4
48027 4
165719 4
124618 4
70221 4
45712 4
70946 4
149285 4
21944 4
74184 4
162765 4
162477 4
106010 4
107152 4
18889 4
77177 4
9362 4
99472 4
50665 4
101602 4
64827 4
36567 4
107718 4
89147 4
169614 4
153286 4
107909 4
53800 4
40391 4
60767 4
169264 4
66461 4
31276 4
185948 4
142291 4
188699 4
199114 4
80672 4
211818 4
93509 4
114050 4
129545 4
189939 4
179165 4
208938 4
73064 4
104519 4
94802 4
204658 4
19123 4
23993 4
105984 4
47147 4
10451 4
17152 4
21622 4
41380 4
96873 4
128328 4
134342 4
209869 4
116047 4
200941 4
123493 4
150564 4
63177 4
101524 4
52083 4
23508 4
52504 4
195471 4
27677 4
154408 4
211668 4
143264 4
148409 4
183782 4
180591 4
190409 4
137876 4
141933 4
13869 4
28387 4
120019 4
33546 4
99430 4
213743 4
161482 4
75465 4
106242 4
126869 4
162508 4
83084 4
68942 4
77350 4
154036 4
21339 4
171789 4
49506 4
71806 4
34866 4
58481 4
187536 4
55638 4
95631 4
20052 4
174337 4
27135 4
66470 4
154187 4
18916 4
210982 4
111979 4
181364 4
203020 4
73602 4
16947 4
55022 4
72902 4
109634 4
118337 4
122737 4
157643 4
152991 4
65743 4
96785 4
142473 4
12777 4
34608 4
166068 4
208643 4
212435 4
97536 4
34030 4
11318 4
141747 4
116020 4
78073 4
140257 4
7136 4
34147 4
201955 4
168099 4
128576 4
207510 4
93915 4
181527 4
43002 4
74544 4
28010 4
167568 4
192551 4
208137 4
8442 4
58255 4
177885 4
61935 4
161242 4
151725 4
171179 4
112994 4
84202 4
115828 4
157054 4
51763 4
57849 4
87606 4
34302 4
174112 4
60091 4
116040 4
122288 4
104735 4
204644 4
1821 4
60006 4
111310 4
121264 4
164963 4
168692 4
77624 4
82829 4
9114 4
114339 4
83740 4
40048 4
21656 4
108870 4
91111 4
84558 4
194779 4
156107 4
48322 4
51755 4
203499 4
95570 4
128670 4
60541 4
75617 4
186987 4
188756 4
21562 4
31393 4
128514 4
129207 4
147279 4
35544 4
60918 4
107959 4
124092 4
25114 4
46075 4
85266 4
207086 4
199396 4
52568 4
135007 4
75313 4
109796 4
53201 4
104935 4
188007 4
121762 4
87719 4
28351 4
123377 4
23562 4
120359 4
102699 4
100311 4
177078 4
9952 4
39421 4
55112 4
65535 4
171481 4
15769 4
154700 4
104176 4
121899 4
44405 4
175254 4
158516 4
105946 4
146693 4
170971 4
113216 4
58905 4
105790 4
86517 4
79888 4
177779 4
147673 4
30182 4
195162 4
124700 4
40291 4
170732 4
22083 4
128287 4
91411 4
83440 4
117533 4
22178 4
65803 4
127889 4
1737 4
156615 4
143767 4
202978 4
79721 4
180839 4
113879 4
189259 4
131193 4
173302 4
192718 4
57267 4
189746 4
17169 4
55939 4
46232 4
53402 4
20346 4
191324 4
13885 4
61690 4
102191 4
33279 4
99561 4
177938 4
166925 4
183681 4
61339 4
64376 4
131725 4
156084 4
5811 4
180524 4
16651 4
63900 4
94455 4
44492 4
172980 4
155909 4
174920 4
142235 4
138596 4
9829 4
73346 4
78173 4
84195 4
119073 4
141712 4
99331 4
73635 4
112005 4
56480 4
96348 4
75794 4
7925 4
185745 4
16545 4
169318 4
10188 4
3028 4
58694 4
89585 4
166581 4
135675 4
198675 4
199121 4
190887 4
13902 4
208571 4
35383 4
107233 4
87305 4
23665 4
25955 4
30969 4
99797 4
163562 4
180456 4
66470 4
46631 4
81155 4
14023 4
29326 4
51564 4
161946 4
153567 4
23593 4
46412 4
88769 4
61906 4
84818 4
162649 4
151567 4
47802 4
3761 4
92560 4
49732 4
30717 4
36123 4
30173 4
90579 4
105142 4
28294 4
172440 4
189242 4
156109 4
9992 4
177591 4
96167 4
144554 4
12321 4
135487 4
207957 4
126565 4
109919 4
26132 4
34528 4
36972 4
122586 4
70602 4
149252 4
82593 4
136685 4
39080 4
195426 4
43728 4
146279 4
25502 4
188491 4
107591 4
4269 4
81613 4
197519 4
34534 4
186334 4
159149 4
86643 4
80104 4
42631 4
203551 4
132376 4
25617 4
135495 4
40899 4
24821 4
210500 4
23344 4
110239 4
208927 4
175277 4
2777 4
18257 4
104683 4
192854 4
72392 4
127706 4
141489 4
159813 4
12044 4
144877 4
5384 4
135221 4
42112 4
29032 4
32975 4
208465 4
72194 4
196864 4
166792 4
180189 4
30739 4
38986 4
79217 4
109535 4
213917 4
59689 4
86001 4
3428 4
30366 4
74724 4
208973 4
144258 4
90806 4
155686 4
29789 4
49702 4
63135 4
19892 4
100775 4
18577 4
42111 4
137355 4
181300 4
173654 4
1429 4
211857 4
72229 4
213533 4
196180 4
162939 4
41164 4
143072 4
39046 4
95100 4
38520 4
194935 4
160949 4
117064 4
114027 4
5992 4
85631 4
90390 4
183788 4
150912 4
23137 4
5254 4
161072 4
19054 4
147313 4
212991 4
52153 4
132508 4
130688 4
109653 4
143608 4
83873 4
212504 4
61225 4
145993 4
48209 4
201946 4
197129 4
1419 4
158588 4
157851 4
203993 4
172316 4
12046 4
35597 4
23911 4
63968 4
7598 4
132251 4
168019 4
139305 4
125198 4
134311 4
204771 4
186772 4
144505 4
34567 4
176841 4
205524 4
139053 4
48727 4
96272 4
49903 4
81468 4
147080 4
96784 4
7768 4
62291 4
80204 4
86261 4
168680 4
36892 4
68961 4
59740 4
36659 4
125728 4
55223 4
121246 4
128637 4
116276 4
122307 4
6134 4
78304 4
48404 4
139295 4
194701 4
49613 4
92118 4
140515 4
122267 4
175363 4
86372 4
93042 4
36493 4
21575 4
20087 4
13311 4
203938 4
170907 4
191750 4
55178 4
212877 4
89907 4
71205 4
80633 4
48710 4
66209 4
91640 4
109093 4
133238 4
51916 4
184188 4
11091 4
212194 4
163707 4
164518 4
21675 4
138340 4
178255 4
172544 4
105606 4
38126 4
15902 4
184403 4
82479 4
55644 4
156167 4
17918 4
89775 4
117530 4
4170 4
188222 4
166488 4
119339 4
155785 4
70488 4
17119 4
162264 4
211866 4
56333 4
158146 4
61304 4
78946 4
130090 4
167533 4
175617 4
39267 4
162196 4
80284 4
82687 4
49473 4
145362 4
65789 4
137064 4
37295 4
97985 4
176773 4
22781 4
48319 4
40483 4
84090 4
134516 4
187341 4
165338 4
200020 4
30213 4
17317 4
72361 4
92281 4
121802 4
28635 4
169477 4
28199 4
135967 4
77262 4
103470 4
61834 4
30886 4
84872 4
69045 4
112897 4
179617 4
167125 4
211616 4
93629 4
183428 4
67546 4
104183 4
5335 4
114909 4
105067 4
43360 4
97492 4
78306 4
74548 4
191486 4
43179 4
107475 4
36975 4
175130 4
168464 4
58968 4
167228 4
8532 4
3203 4
54237 4
174210 4
35072 4
80570 4
139553 4
36630 4
178707 4
194606 4
24498 4
26727 4
148294 4
132215 4
150340 4
152999 4
134930 4
5896 4
139956 4
113390 4
79311 4
52077 4
78567 4
116879 4
207230 4
68129 4
186663 4
168643 4
43288 4
152451 4
34061 4
179679 4
184125 4
183247 4
89218 4
87131 4
30266 4
12900 4
145744 4
171100 4
197544 4
134510 4
122514 4
148480 4
42477 4
192840 4
207626 4
107811 4
45992 4
57503 4
23503 4
72067 4
137178 4
26915 4
49500 4
142207 4
182999 4
184664 4
148195 4
15172 4
73300 4
153652 4
3859 4
65754 4
130175 4
1293 4
31122 4
117876 4
204084 4
151423 4
96354 4
78662 4
180282 4
182570 4
83002 4
15790 4
182944 4
118123 4
153636 4
67182 4
53446 4
153270 4
119553 4
80678 4
136720 4
18379 4
51560 4
147390 4
15445 4
135000 4
44322 4
72315 4
190336 4
206421 4
164311 4
87706 4
165399 4
104724 4
35906 4
107594 4
178620 4
81907 4
66342 4
162261 4
69834 4
129723 4
35561 4
119336 4
42446 4
213343 4
71960 4
111912 4
121273 4
121555 4
123936 4
134437 4
8746 4
88669 4
76747 4
87085 4
50490 4
37643 4
84557 4
111359 4
212644 4
115849 4
63159 4
6962 4
145176 4
206644 4
212140 4
203219 4
2432 4
9002 4
84852 4
98187 4
200087 4
149657 4
31024 4
143111 4
199194 4
18723 4
119966 4
75861 4
183910 4
19596 4
49651 4
122668 4
92324 4
74364 4
146773 4
4048 4
10421 4
857 4
118083 4
31663 4
25110 4
68913 4
49403 4
95952 4
162011 4
139465 4
35976 4
33234 4
182536 4
74543 4
205121 4
907 4
136907 4
146960 4
126457 4
119157 4
205101 4
181520 4
73519 4
121167 4
97608 4
179696 4
91761 4
99482 4
75330 4
58723 4
39898 4
119223 4
19466 4
115499 4
56427 4
973 4
169277 4
106773 4
158167 4
43807 4
122105 4
191943 4
193947 4
13253 4
159959 4
129610 4
164973 4
15251 4
181045 4
46901 4
117337 4
85088 4
87793 4
28172 4
199328 4
113777 4
85232 4
73493 4
132533 4
9270 4
209412 4
151833 4
207142 4
32087 4
206674 4
134687 4
204286 4
115075 4
57249 4
95274 4
152615 4
7668 4
164842 4
105439 4
166607 4
128763 4
145434 4
16151 4
174762 4
203068 4
134675 4
196379 4
93056 4
138291 4
29310 4
171498 4
177485 4
130547 4
182353 4
50563 4
168071 4
214238 4
209113 4
20075 4
9250 4
28593 4
40778 4
71243 4
189196 4
89093 4
114045 4
161268 4
175809 4
195021 4
48774 4
181900 4
69656 4
69 4
162815 4
70199 4
194414 4
166926 4
128883 4
176467 4
105852 4
99154 4
180677 4
65429 4
71249 4
206377 4
49569 4
150998 4
157229 4
156936 4
103441 4
188130 4
180152 4
40526 4
122451 4
81707 4
103470 4
207233 4
70200 4
107200 4
80310 4
31891 4
180770 4
64583 4
21392 4
106441 4
158966 4
54888 4
192108 4
191804 4
34190 4
38975 4
62005 4
211960 4
26297 4
82867 4
37932 4
24606 4
100527 4
109288 4
59478 4
186112 4
187626 4
62105 4
200620 4
1927 4
39210 4
159320 4
86570 4
97336 4
34363 4
34132 4
49714 4
201687 4
146444 4
9361 4
151171 4
84428 4
146450 4
189916 4
80422 4
39466 4
121033 4
197238 4
69429 4
162415 4
166636 4
54766 4
149789 4
16618 4
84721 4
163655 4
58007 4
22911 4
162560 4
211233 4
78584 4
102958 4
185316 4
148401 4
53157 4
63856 4
199581 4
159342 4
143964 4
36897 4
210116 4
168501 4
172541 4
104037 4
173327 4
177099 4
12968 4
107038 4
93352 4
116960 4
148489 4
30384 4
144834 4
212870 4
75782 4
73674 4
187969 4
32458 4
203277 4
140129 4
173260 4
77698 4
134665 4
30195 4
64312 4
148182 4
196416 4
3627 4
82032 4
180230 4
11142 4
109295 4
89602 4
155835 4
171670 4
151285 4
156803 4
627 4
136220 4
44613 4
55535 4
556 4
204889 4
113185 4
208384 4
156216 4
185856 4
78786 4
61373 4
201789 4
196331 4
52036 4
108648 4
182846 4
170989 4
168567 4
15747 4
112813 4
147903 4
37782 4
169022 4
118567 4
120117 4
169833 4
9159 4
82048 4
105747 4
5863 4
171384 4
98588 4
87819 4
43509 4
606 4
83970 4
3297 4
63943 4
66461 4
66726 4
58966 4
36714 4
193395 4
188505 4
170829 4
91403 4
29250 4
38789 4
173799 4
204596 4
199662 4
124927 4
45254 4
58718 4
28654 4
109995 4
28416 4
166436 4
204048 4
118345 4
57607 4
200971 4
63686 4
149661 4
90289 4
163118 4
93619 4
16531 4
93186 4
207379 4
151906 4
108330 4
39516 4
55261 4
111255 4
145737 4
158406 4
197426 4
78725 4
143056 4
184577 4
13130 4
176239 4
184788 4
149253 4
139653 4
188973 4
78145 4
183455 4
184268 4
105579 4
96285 4
168625 4
207585 4
21657 4
201744 4
80923 4
33169 4
152607 4
25257 4
175299 4
101719 4
196738 4
13357 4
59709 4
109914 4
176222 4
133976 4
101856 4
180891 4
137842 4
41193 4
34109 4
205327 4
138442 4
187677 4
64426 4
109085 4
75944 4
212368 4
18794 4
190979 4
208413 4
63864 4
159588 4
36197 4
156641 4
180334 4
44715 4
51922 4
132014 4
168640 4
99507 4
201795 4
165544 4
89276 4
75124 4
167143 4
80556 4
184425 4
102821 4
161349 4
189284 4
89010 4
88297 4
197233 4
63381 4
206087 4
8672 4
142655 4
95482 4
141134 4
150526 4
197615 4
30030 4
65182 4
78134 4
51495 4
34200 4
89771 4
23647 4
165914 4
86796 4
142788 4
151181 4
81842 4
134768 4
125975 4
6057 4
74187 4
190107 4
9039 4
149835 4
213391 4
159180 4
96034 4
188780 4
82576 4
121411 4
205728 4
58542 4
78747 4
91679 4
25460 4
122697 4
19612 4
86512 4
145293 4
0 4
53411 4
28741 4
70883 4
186690 4
101575 4
84060 4
7236 4
108758 4
182685 4
171605 4
9516 4
211962 4
88198 4
62986 4
19668 4
25999 4
73598 4
68450 4
93905 4
9889 4
74219 4
159373 4
113974 4
14499 4
177104 4
20331 4
98119 4
211538 4
100534 4
56889 4
73478 4
96755 4
98625 4
21135 4
186979 4
95258 4
80008 4
12114 4
97256 4
17783 4
151737 4
91075 4
62320 4
91516 4
114691 4
131714 4
59892 4
90889 4
55852 4
185487 4
22065 4
28374 4
173211 4
105606 4
62219 4
143407 4
172290 4
16898 4
123910 4
157210 4
72152 4
81870 4
178554 4
71981 4
35442 4
247 4
29013 4
20613 4
10717 4
18717 4
117687 4
141783 4
161676 4
35484 4
199596 4
180870 4
191838 4
98712 4
89146 4
155016 4
128522 4
29982 4
162237 4
130315 4
1434 4
102671 4
148702 4
11586 4
112327 4
25580 4
146943 4
6747 4
14908 4
89356 4
13732 4
87444 4
75256 4
119240 4
101704 4
9068 4
181387 4
127949 4
116928 4
57059 4
127447 4
14494 4
152282 4
169543 4
213647 4
102622 4
61229 4
105043 4
97587 4
68372 4
154365 4
183711 4
152488 4
168293 4
205215 4
87957 4
97931 4
152597 4
83858 4
8404 4
173973 4
169716 4
26331 4
59670 4
178338 4
36336 4
114444 4
68271 4
65020 4
89374 4
178253 4
198951 4
193174 4
18762 4
129912 4
182668 4
63617 4
175867 4
89752 4
32327 4
50231 4
22315 4
96352 4
185263 4
192164 4
97175 4
93235 4
78449 4
125732 4
183180 4
207709 4
202498 4
123618 4
176108 4
51918 4
126201 4
17889 4
128731 4
201315 4
168165 4
108789 4
5187 4
114563 4
29366 4
37288 4
204752 4
199973 4
121366 4
152034 4
95446 4
162758 4
59643 4
69560 4
185562 4
79263 4
148404 4
167449 4
85346 4
39642 4
158529 4
20609 4
73773 4
61028 4
182658 4
38771 4
119230 4
125033 4
43857 4
197771 4
3998 4
200683 4
50867 4
183503 4
51106 4
67641 4
205767 4
11533 4
109761 4
113084 4
179897 4
62185 4
170702 4
118616 4
121549 4
13208 4
147607 4
197880 4
52233 4
67764 4
124148 4
164770 4
110949 4
103738 4
94827 4
145533 4
2918 4
96925 4
20760 4
66983 4
150976 4
164221 4
210970 4
121241 4
11430 4
15542 4
133206 4
137493 4
56415 4
75708 4
70588 4
199562 4
181164 4
98760 4
187924 4
30472 4
63352 4
27322 4
154969 4
206465 4
196014 4
101184 4
49305 4
24928 4
131026 4
150483 4
147836 4
42510 4
39982 4
136340 4
62292 4
213319 4
169745 4
205316 4
123892 4
66086 4
70305 4
146194 4
104614 4
136766 4
190835 4
51708 4
84526 4
212088 4
157466 4
59997 4
81161 4
16740 4
153675 4
66197 4
100476 4
113045 4
37213 4
111633 4
152003 4
99835 4
20163 4
129325 4
55444 4
153293 4
147133 4
205761 4
101783 4
78534 4
192617 4
127714 4
56861 4
31322 4
146451 4
134404 4
47624 4
22215 4
174799 4
35436 4
29236 4
108432 4
63149 4
45933 4
168520 4
61010 4
18980 4
600 10
